country,Population_2022,Population_2020,Population_2015,Population_2010,Population_2000,Population_1990,Population_1980, Population_1970,net_change,density,land_area,migrants,fertility,med_age,urban,rural,world_share,score,gdp
China,1425887337,1424929781,1393715448,1348191368,1264099069,1153704252,982372466,822534450,5540090.0,153.0,9388211.0,-348399.0,1.7,38.0,878581673.25,561716151.75,266023008.2775,5.191,1.029
India,1417173173,1396387127,1322866505,1240613620,1059633675,870452165,696828385,557501301,13586631.0,464.0,2973190.0,-532687.0,2.2,28.0,483820779.75,898524305.25,244675080.045,4.015,0.755
United States,338289857,335942003,324607776,311182845,282398554,248083732,223140018,200328340,1937734.0,36.0,9147420.0,954806.0,1.8,38.0,275013071.5,56327978.5,14081994.625,6.892,1.433
Indonesia,275501339,271857970,259091970,244016173,214072421,182159874,148177096,115228394,2898047.0,151.0,1811570.0,-98955.0,2.3,30.0,153452098.24,120569505.76,9618158.3004,5.192,0.931
Pakistan,235824862,227196741,210969298,194454498,154369924,115414069,80624057,59290872,4327022.0,287.0,770880.0,-233379.0,3.6,23.0,77564474.75,144048310.25,6271641.8155000005,5.653,0.677
Brazil,215313498,213196304,205188205,196353492,175873720,150706446,122288383,96369875,1509890.0,25.0,8358140.0,21200.0,1.7,33.0,187283347.68,25538638.319999997,5810040.2178,6.3,1.004
Nigeria,218541212,208327405,183995785,160952853,122851984,95214257,72951439,55569264,5175990.0,226.0,910770.0,-60000.0,5.4,18.0,107631860.44,99352486.56,5464386.7608,5.265,0.696
Bangladesh,171186372,167420951,157830000,148391139,129193327,107147651,83929765,67541860,1643222.0,1265.0,130170.0,-369501.0,2.1,28.0,64339215.72,100633132.28,3480916.5428,4.456,0.562
Russia,144713314,145617329,144668389,143242599,146844839,148005704,138257420,130093010,62206.0,9.0,16376870.0,182456.0,1.8,40.0,107999687.76,37945836.24,2729181.2988,5.648,1.183
Mexico,127504125,125998302,120149897,112532401,97873442,81720428,67705186,50289306,1357224.0,66.0,1943950.0,-60000.0,2.1,29.0,108499463.52,20666564.480000004,2131239.462,6.595,1.07
Japan,123951692,125244761,127250933,128105431,126803861,123686321,117624196,105416839,-383840.0,347.0,364555.0,71560.0,1.4,48.0,116294828.24,10112593.760000004,2047800.2364,5.886,1.327
Ethiopia,123379924,117190911,102471895,89237791,67031867,47878073,34945469,28308246,2884858.0,115.0,1000000.0,30000.0,4.3,19.0,24241233.24,91193210.76,1696886.3268000002,4.286,0.336
Philippines,115559009,112190977,103031365,94636700,77958223,61558898,48419546,37435586,1464463.0,368.0,298170.0,-67152.0,2.6,26.0,51620252.28,58210071.72,1548607.5684,5.631,0.807
Egypt,110990103,107465134,97723799,87252413,71371371,57214630,43748556,34781986,1946331.0,103.0,995450.0,-38033.0,3.3,25.0,44143424.18,58515701.82,1344834.5506,4.166,0.913
Vietnam,98186856,96648685,92191398,87411012,79001142,66912613,52968270,41928849,876473.0,314.0,310070.0,-80000.0,2.1,32.0,37046204.94,60443808.06,1218625.1625,5.175,0.741
Turkey,85341241,84135428,79646178,73195345,64113547,54324142,44089069,35540990,909452.0,110.0,769630.0,283922.0,2.1,32.0,64216384.68,20278858.32,912548.6244,5.373,1.183
Iran,88550570,87290193,81790841,75373855,65544383,55793629,38520664,28449705,1079043.0,52.0,1628550.0,-55000.0,2.2,32.0,63974466.04,20202462.96,909110.8332,4.548,1.1
Germany,83369843,83328988,82073226,81325090,81551677,79370196,77786703,78294583,266897.0,240.0,348560.0,543822.0,1.6,46.0,63711538.72,20119433.28,896991.4004,6.985,1.373
Thailand,71697030,71475664,70294397,68270489,63066603,55228410,45737753,35791728,174396.0,137.0,510890.0,19444.0,1.5,40.0,35613697.29,34217081.71,628477.011,6.008,1.05
United Kingdom,67508936,67059474,65224364,62760039,58850043,57210442,56326328,55650166,355839.0,281.0,241930.0,260650.0,1.8,40.0,56397074.06,11551207.939999998,591150.0534,7.054,1.333
France,64626628,64480053,63809769,62444567,58665453,56412897,53713830,50523586,143783.0,119.0,547557.0,36527.0,1.9,42.0,53545122.6,11753807.4,548511.012,6.592,1.324
Italy,59037474,59500579,60232906,59822450,56966397,56756561,56329482,53324036,-88249.0,206.0,294140.0,148943.0,1.3,47.0,41707764.15,18738270.85,471479.073,6.223,1.294
Tanzania,65497748,61704518,52542823,45110527,34463704,26206012,19297659,13618192,1728755.0,67.0,885800.0,-40076.0,4.9,18.0,22204588.0,37807812.0,462095.48,3.231,0.476
South Africa,59893885,58801927,55876504,51784921,46813266,39877570,29463549,22368306,750420.0,49.0,1213090.0,145405.0,2.4,28.0,39822605.75,19614119.25,451719.11,4.722,0.96
Myanmar,54179306,53423198,51483949,49390988,45538332,40099553,33465781,27284112,364380.0,83.0,653290.0,-163313.0,2.2,29.0,16886708.43,37586544.57,381312.771,4.36,0.71
Kenya,54027487,51985780,46851488,41517895,30851606,23162269,16187124,11473087,1197323.0,94.0,569140.0,-10000.0,3.5,20.0,15111246.92,38857492.08,372384.2991,4.509,0.512
South Korea,51815810,51844690,50994401,48813042,46788591,44120039,38170501,32601143,43877.0,527.0,97230.0,11731.0,1.1,44.0,42047121.14,9229855.86,338428.0482,5.895,1.301
Colombia,51874024,50930662,47119728,44816108,39215135,32601393,26176195,20905254,543448.0,46.0,1109500.0,204796.0,1.8,31.0,40780998.4,10195249.6,331345.612,6.125,0.985
Spain,47558630,47363807,46431342,46572772,40741651,38889889,37491666,33792617,18002.0,94.0,498800.0,40000.0,1.3,45.0,37406384.0,9351596.0,280547.88,6.354,1.286
Uganda,47249585,44404611,37477356,32341728,24020697,17586630,13284026,10317212,1471413.0,229.0,199810.0,168694.0,5.0,17.0,11953482.06,34021448.94,271252.0929,4.189,0.332
Argentina,45510318,45036032,43257065,41100123,37070774,32637657,28024803,23842803,415097.0,17.0,2736690.0,4800.0,2.3,32.0,42098727.57,3168721.43,262551.2042,6.086,1.092
Algeria,44903225,43451666,39543154,35856344,30774621,25518074,18739378,13795915,797990.0,18.0,2381740.0,-10000.0,3.1,29.0,32108735.37,11875833.63,246313.5864,5.211,1.002
Ukraine,39701739,43909666,44982564,45683020,48879755,51589817,49973920,47279086,-259876.0,75.0,579320.0,10000.0,1.4,41.0,30143738.13,13542838.87,244644.8312,4.332,0.82
Iraq,44496122,42556984,37757813,31264875,24628858,17658381,13653369,9811347,912710.0,93.0,434320.0,7834.0,3.7,21.0,29472122.83,10900648.170000002,209938.4092,4.437,1.043
Afghanistan,41128771,38972230,33753499,28189672,19542982,10694796,12486631,10752971,886592.0,60.0,652860.0,-62920.0,4.6,18.0,9768570.0,29305710.0,195371.4,3.203,0.35
Poland,39857145,38428366,38553146,38597353,38504431,38064255,35521429,32482943,-41157.0,124.0,306230.0,-29395.0,1.4,42.0,22703553.0,15135702.0,185412.3495,6.182,1.206
Canada,38454327,37888705,35732126,33963412,30683313,27657204,24511510,21434577,331107.0,4.0,9093510.0,242032.0,1.5,41.0,30617519.67,7181887.329999998,181437.1536,7.278,1.365
Morocco,37457971,36688772,34680458,32464865,28554415,24570814,19678444,15274351,438791.0,83.0,446300.0,-51419.0,2.4,30.0,23670799.36,13314824.64,173832.43279999998,5.208,0.801
Saudi Arabia,36408820,35997107,32749848,29411929,21547390,16004763,10171710,6106191,545343.0,16.0,2149690.0,134979.0,2.3,32.0,29320991.28,5584950.719999999,157076.739,6.375,1.403
Uzbekistan,34627652,33526656,30949417,28614227,24925554,20579100,15947129,12011361,487487.0,79.0,425400.0,-8863.0,2.4,28.0,16775912.0,16775912.0,144272.8432,6.174,0.745
Peru,34049588,33304756,30711863,29229572,26654439,22109099,17492406,13562371,461401.0,26.0,1280000.0,99069.0,2.3,31.0,26109666.69,6940544.309999999,138810.88619999998,5.697,0.96
Malaysia,33938221,33199993,31068833,28717731,22945150,17517054,13215707,10306508,416222.0,99.0,328550.0,50000.0,2.0,30.0,25300831.14,7136131.859999999,136235.24459999998,5.339,1.221
Mozambique,32969517,31178239,26843246,23073723,17768505,13303459,11413587,8411676,889399.0,40.0,786380.0,-5000.0,4.9,18.0,11931548.18,19467262.82,125595.244,4.466,0.204
Ghana,33475870,32180401,28870939,25574719,19665502,15446982,11865246,8861895,655084.0,137.0,227540.0,-10000.0,3.9,22.0,17773413.96,13408014.04,124725.712,4.996,0.611
Yemen,33696614,32284046,28516545,24743946,18628700,13375121,9204938,6843607,664042.0,56.0,527970.0,-30000.0,3.8,20.0,11375477.84,18559990.16,113754.7784,3.38,0.287
Nepal,30547580,29348627,27610325,27161567,24559500,19616530,15600442,12501285,528098.0,203.0,143350.0,41710.0,1.9,25.0,6137291.16,23087904.84,108133.2252,4.913,0.446
Madagascar,29611714,28225177,24850912,21731053,16216431,11882762,8948162,6639751,721711.0,48.0,581795.0,-1500.0,4.1,20.0,10845274.05,16963120.95,100110.222,3.933,0.274
Cameroon,27914536,26491087,23012646,19878036,15091594,11430520,8519891,6452787,669483.0,56.0,472710.0,-4800.0,4.6,19.0,14926846.48,11728236.52,90627.2822,5.044,0.549
Australia,26177413,25670051,23820236,22019168,19017963,17048003,14706322,12595034,296686.0,3.0,7682300.0,158246.0,1.8,38.0,21973587.38,3577095.620000001,84317.25390000001,7.228,1.372
Niger,26207977,24333639,20128124,16647543,11622665,8370647,6173177,4669708,895929.0,19.0,1266700.0,4000.0,7.0,15.0,4138899.56,20207568.44,75474.0508,4.628,0.138
Taiwan,23893394,23821464,23512136,23083083,22194731,20586174,18100281,14957870,42899.0,673.0,35410.0,30001.0,1.2,42.0,18821251.51,5003117.489999998,73855.54389999999,6.446,1.368
Sri Lanka,21832143,21715079,21336697,20668557,18776371,17204094,14943645,12388769,89516.0,341.0,62710.0,-97986.0,2.2,34.0,3857214.6,17571755.4,57858.219000000005,4.366,0.949
Burkina Faso,22673762,21522626,18718019,16116845,11882888,9131361,6932967,5611666,581895.0,76.0,273600.0,-25000.0,5.2,18.0,6509160.83,14488132.17,56692.6911,4.587,0.331
Mali,22593590,21224040,18112907,15529181,11239101,8945026,7372581,6153587,592802.0,17.0,1220190.0,-40000.0,5.9,16.0,8952286.64,11393819.36,52899.87560000001,4.39,0.385
Romania,19659267,19442038,19906079,20335211,21919876,22836234,22125224,19922618,-126866.0,84.0,230170.0,-73999.0,1.6,43.0,10568034.4,8646573.6,48036.52,6.07,1.162
Malawi,20405317,19377061,16938942,14718422,11229387,9539665,6267369,4625141,501205.0,203.0,94280.0,-16053.0,4.3,18.0,3458056.5,15753368.5,48028.5625,3.41,0.191
Chile,19603733,19300315,17870124,17004162,15351799,13342868,11469828,9820481,164163.0,26.0,743532.0,111708.0,1.7,35.0,16272914.25,2871690.75,47861.5125,6.444,1.159
Kazakhstan,19397998,18979243,17835909,16627837,15236253,16866563,14172710,12265305,225280.0,7.0,2699700.0,-18000.0,2.8,31.0,10912833.98,7902397.02,45156.55439999999,5.809,1.173
Zambia,20017675,18927715,16248230,13792086,9891136,7686401,5720438,4281671,522925.0,25.0,743390.0,-8000.0,4.7,18.0,8310715.65,10157541.35,44323.8168,4.107,0.578
Guatemala,17843908,17362718,16001107,14543121,11735894,9084780,6987767,5453208,334096.0,167.0,107160.0,-9215.0,2.9,23.0,9345118.64,8626263.36,41334.17860000001,6.436,0.8
Ecuador,18001000,17588595,16195902,14989585,12626507,10449837,8135845,6172215,269392.0,71.0,248360.0,36400.0,2.4,28.0,11143817.37,6544781.630000001,40683.7777,6.028,0.912
Syria,22125249,20772595,19205178,22337563,16307654,12408996,8898954,6319199,430523.0,95.0,183630.0,-427391.0,2.8,26.0,10542631.8,7028421.199999999,38656.3166,3.462,0.619
Netherlands,17564014,17434557,17041107,16617116,15899135,14944548,14130387,13037686,37742.0,508.0,33720.0,16000.0,1.7,43.0,15770220.48,1371323.5199999996,37711.3968,7.488,1.396
Senegal,17316449,16436119,14356181,12530121,9704287,7536001,5703869,4367744,447563.0,87.0,192530.0,-20000.0,4.7,19.0,8240104.11,8576434.89,35314.7319,4.681,0.45
Cambodia,16767842,16396860,15417523,14363532,12118841,8910808,6198959,6708525,232423.0,95.0,176520.0,-30000.0,2.5,26.0,4022027.52,12736420.48,35192.7408,4.7,0.574
Chad,17723315,16644701,14140274,11894727,8259137,5827069,4408230,3667394,478988.0,13.0,1259200.0,2000.0,5.8,17.0,3795661.71,12707215.29,34656.0417,4.35,0.35
Somalia,17597511,16537016,13763906,12026649,8721465,6999096,5892224,3720977,450317.0,25.0,627340.0,-40000.0,6.1,17.0,7503948.56,8461899.440000001,31931.696,4.668,0.0
Zimbabwe,16320537,15669666,14154937,12839771,11834676,10113893,7049926,5202918,217456.0,38.0,386850.0,-116858.0,3.6,19.0,5661912.98,9237858.02,28309.5649,3.663,0.366
Guinea,13859341,13205153,11625998,10270728,8336967,6354145,4972609,4222374,361549.0,53.0,245720.0,-4000.0,4.7,18.0,5144598.81,8046680.19,22425.1743,4.534,0.38
Rwanda,13776698,13146362,11642959,10309031,8109989,7319962,5247532,3896367,325268.0,525.0,24670.0,-9000.0,4.1,20.0,2340954.54,10664348.46,22109.015100000004,3.334,0.359
Benin,13352864,12643123,10932783,9445710,6998023,5133419,3833939,3023443,322049.0,108.0,112760.0,-2000.0,4.9,19.0,5844230.4,6331249.6,19480.768,4.883,0.393
Burundi,12889576,12220227,10727148,9126605,6307659,5483793,4312834,3497834,360204.0,463.0,25680.0,2001.0,5.5,17.0,1672783.56,10275670.44,17922.680999999997,3.775,0.046
Tunisia,12356117,12161723,11557779,10895063,9893316,8440023,6578156,5047404,123900.0,76.0,155360.0,-4000.0,2.2,33.0,8287942.6,3551975.4000000004,17759.877,4.461,0.921
Bolivia,12224110,11936162,11090085,10223270,8592656,7096194,5736088,4585693,159921.0,11.0,1083300.0,-9504.0,2.8,26.0,8073142.83,3627064.17,17550.3105,5.779,0.776
Belgium,11655930,11561717,11248303,10877947,10264343,9959560,9828986,9629376,50295.0,383.0,30280.0,48000.0,1.7,42.0,11366481.98,231969.01999999955,17397.676499999998,6.923,1.356
Haiti,11584996,11306801,10563757,9842880,8360225,6925331,5646676,4680812,139451.0,414.0,27560.0,-35000.0,3.0,24.0,6513022.92,4913333.08,17139.534,3.597,0.323
South Sudan,10913164,10606227,11194299,9714419,6114440,4750817,4192011,3342410,131612.0,18.0,610952.0,-174200.0,4.7,19.0,2804062.5,8412187.5,15702.750000000002,2.853,0.306
Dominican Republic,11228821,10999664,10405832,9775755,8540791,7129004,5755800,4475871,108952.0,225.0,48320.0,-30000.0,2.4,28.0,9236666.95,1630000.0500000007,15213.3338,5.425,1.015
Greece,10384971,10512232,10806641,11033783,11038109,10302255,9307148,8544873,-50401.0,81.0,128900.0,-16000.0,1.3,46.0,8851845.6,1562090.4000000004,13538.1168,5.287,1.181
Jordan,11285869,10928721,9494246,6931258,5056174,3480587,2216903,1557374,101440.0,115.0,88780.0,10220.0,2.8,24.0,9300749.64,919854.3599999994,13286.7852,4.906,0.837
Portugal,10270865,10298192,10365435,10588401,10300626,10007346,9785252,8683631,-29478.0,111.0,91590.0,-6000.0,1.3,46.0,6726329.94,3465079.06,13248.831700000002,5.693,1.221
Azerbaijan,10358074,10284951,9863480,9237202,8190337,7427836,6383060,5425317,91459.0,123.0,82658.0,1200.0,2.1,32.0,5686787.68,4468190.32,13201.471400000002,5.208,1.043
Sweden,10549347,10368969,9849349,9381729,8871043,8548406,8311763,8027702,62886.0,25.0,410340.0,40000.0,1.9,41.0,8897005.04,1213227.960000001,13143.3029,7.343,1.387
Honduras,10432860,10121763,9294505,8450933,6656725,5053234,3777990,2782753,158490.0,89.0,111890.0,-6800.0,2.5,24.0,5660859.81,4270473.19,12910.7329,5.86,0.642
United Arab Emirates,9441129,9287289,8916899,8481771,3275333,1900151,1014048,298084,119873.0,118.0,83600.0,40000.0,1.4,33.0,8523367.12,1387524.8800000008,12884.1596,6.825,1.503
Hungary,9967308,9750573,9844246,9986825,10202055,10375989,10698679,10315366,-24328.0,107.0,90530.0,6000.0,1.5,43.0,6952307.76,2703675.24,11587.1796,5.758,1.201
Tajikistan,9952787,9543207,8524063,7621779,6272998,5417860,4045965,2993019,216627.0,68.0,139960.0,-20000.0,3.6,22.0,2584793.7,6988516.3,11487.972,5.467,0.493
Belarus,9534954,9633740,9700609,9731427,10256483,10428525,9817257,9170786,-3088.0,47.0,202910.0,8730.0,1.7,40.0,7464529.88,1984242.12,11338.5264,5.323,1.067
Austria,8939617,8907777,8642421,8362829,8010428,7678729,7547561,7465301,51296.0,109.0,82409.0,65000.0,1.5,43.0,5138755.77,3876605.23,10818.4332,7.246,1.376
Serbia,7221365,7358005,7519496,7653748,7935022,7987529,7777010,7193533,-34864.0,100.0,87460.0,4000.0,1.5,42.0,4889405.36,3841675.64,9604.1891,5.603,1.004
Israel,9038309,8757489,8007778,7328445,6116958,4803254,3744608,2907307,136158.0,400.0,21640.0,10000.0,3.0,30.0,8071020.81,607496.1900000004,9546.3687,7.139,1.276
Switzerland,8740472,8638613,8281732,7822435,7182059,6711693,6319113,6181227,63257.0,219.0,39516.0,52000.0,1.5,43.0,6412555.1,2253059.9000000004,9532.1765,7.48,1.452
Togo,8848699,8442580,7473229,6571855,5008035,3875947,2838110,2197383,196358.0,152.0,54390.0,-2000.0,4.4,19.0,3573701.62,4737232.38,9142.0274,4.085,0.275
Sierra Leone,8605718,8233969,7314773,6436698,4584067,4325388,3367477,2778557,163768.0,111.0,72180.0,-4200.0,4.3,19.0,3441787.94,4562370.0600000005,8004.158,4.374,0.268
Laos,7529475,7319399,6787419,6323418,5430853,4314443,3297519,2675283,106105.0,32.0,230800.0,-14704.0,2.7,24.0,2625675.12,4667866.88,6564.187800000001,4.796,0.764
Paraguay,6780744,6618695,6177950,5768613,5123819,4059195,3078912,2408787,87902.0,18.0,397300.0,-16556.0,2.4,26.0,4431482.86,2716070.14,6432.7977,5.743,0.855
Bulgaria,6781953,6979175,7309253,7592273,8097691,8767778,8980606,8582950,-51674.0,64.0,108560.0,-4800.0,1.6,45.0,5273653.68,1665364.3200000003,6245.1162,5.011,1.092
Libya,6812341,6653942,6192235,6491988,5154790,4236983,2962720,1909177,93840.0,4.0,1759540.0,-1999.0,2.3,29.0,5372052.66,1515194.34,6198.5223,5.525,1.044
Lebanon,5489739,5662923,6398940,4995800,4320642,3593700,2963702,2381791,-30268.0,667.0,10230.0,-30012.0,2.1,30.0,5319581.28,1500394.7199999995,6137.9784,5.197,0.987
Nicaragua,6948392,6755895,6298598,5855734,5123222,4227820,3303309,2444767,79052.0,55.0,120340.0,-21272.0,2.4,26.0,3783702.75,2854372.25,5310.46,6.105,0.694
Kyrgyzstan,6630623,6424874,5914980,5483774,4935182,4394734,3691209,3016384,108345.0,34.0,191800.0,-4000.0,3.0,26.0,2355273.36,4187152.64,5233.9408,5.261,0.551
El Salvador,6336392,6292731,6231066,6114034,5958482,5367179,4508992,3619090,32652.0,313.0,20720.0,-40539.0,2.1,28.0,4739103.79,1752819.21,5193.5384,6.253,0.794
Turkmenistan,6430770,6250438,5766431,5267970,4569132,3720278,2862903,2201432,89111.0,13.0,469930.0,-5000.0,2.8,27.0,3204534.76,2841757.24,4837.0336,5.247,1.052
Denmark,5882261,5825641,5677796,5550849,5340655,5144623,5125392,4922963,20326.0,137.0,42430.0,15200.0,1.8,42.0,5100286.4,695493.5999999996,4057.046,7.6,1.383
Finland,5540745,5529468,5479461,5363271,5176209,4986545,4779418,4606621,8564.0,18.0,303890.0,14000.0,1.5,43.0,4766323.82,775913.1799999997,3879.5659,7.769,1.34
Slovakia,5643453,5456681,5424444,5396424,5376690,5261305,4973883,4522867,2629.0,114.0,48088.0,1485.0,1.5,41.0,2948458.86,2511650.14,3822.0763000000006,6.198,1.246
Norway,5434319,5379839,5190356,4889741,4491202,4241636,4085776,3875546,42384.0,15.0,365268.0,28000.0,1.7,40.0,4505733.02,922860.9800000004,3800.0158,7.554,1.488
Costa Rica,5180829,5123105,4895242,4622252,3979193,3158253,2414303,1855697,46557.0,100.0,51060.0,4200.0,1.8,33.0,4081726.4,1020431.6,3571.5106000000005,7.167,1.034
Liberia,5302681,5087584,4612329,4019956,2895224,2209731,1932169,1463563,120307.0,53.0,96320.0,-5000.0,4.4,19.0,2691027.83,2386383.17,3046.4466,3.975,0.073
Ireland,5023109,4946119,4665760,4524585,3768950,3485374,3391387,2937637,55291.0,72.0,68890.0,23604.0,1.8,38.0,3116778.21,1830488.79,2968.3602,7.021,1.499
Central African Republic,5579144,5343020,4819333,4660067,3759170,2809221,2415276,2067356,84582.0,8.0,622980.0,-40000.0,4.8,18.0,2082900.22,2761053.7800000003,2906.3724,3.083,0.026
New Zealand,5185288,5061133,4590590,4346338,3855266,3397389,3147168,2824061,39170.0,18.0,263310.0,14881.0,1.9,38.0,4201248.27,627772.7300000004,2897.4126,7.307,1.303
Mauritania,4736139,4498604,3946220,3419461,2695003,2006027,1506694,1122198,123962.0,5.0,1030700.0,5000.0,4.6,20.0,2661771.75,2008003.25,2801.865,4.49,0.57
Panama,4408581,4294396,3957099,3623617,3001731,2449968,1956987,1516188,68328.0,58.0,74340.0,11200.0,2.5,30.0,2941881.28,1384414.7200000002,2595.7776,6.321,1.149
Croatia,4030358,4096868,4254815,4368682,4548434,4873707,4680144,4492638,-25037.0,73.0,55960.0,-8001.0,1.4,44.0,2378417.02,1722301.98,2050.3595,5.432,1.155
Moldova,3272996,3084847,3277388,3678186,4251573,4480199,4103240,3711140,-9300.0,123.0,32850.0,-1387.0,1.3,38.0,1733886.42,2298407.58,2016.147,5.529,0.685
Georgia,3744385,3765912,3771132,3836831,4265172,5391636,5145843,4800426,-7598.0,57.0,69490.0,-10000.0,2.1,38.0,2312926.9,1674878.1,1993.9025,4.519,0.886
Uruguay,3422794,3429086,3402818,3352651,3292224,3117012,2953750,2790265,11996.0,20.0,175020.0,-3000.0,2.0,36.0,3336808.32,139033.68000000017,1390.3368,6.293,1.124
Bosnia and Herzegovina,3233526,3318407,3524324,3811088,4179350,4494310,4199820,3815561,-20181.0,64.0,51000.0,-21585.0,1.3,43.0,1704119.04,1573032.96,1310.8608000000002,5.386,0.945
Mongolia,3398366,3294335,2964749,2702520,2450979,2161433,1697780,1293880,53123.0,2.0,1553560.0,-852.0,2.9,28.0,2202452.14,1084789.86,1314.8968,5.285,0.948
Armenia,2780469,2805608,2878595,2946293,3168523,3556539,3135123,2534377,5512.0,104.0,28470.0,-4998.0,1.8,35.0,1867457.97,1096761.03,1185.6876000000002,4.559,0.85
Jamaica,2827377,2820436,2794445,2733896,2612205,2392030,2135546,1859091,12888.0,273.0,10830.0,-11332.0,2.0,31.0,1629885.95,1333543.05,1185.3716,5.89,0.831
Qatar,2695122,2760385,2414573,1713504,645937,441675,277450,118007,48986.0,248.0,11610.0,40000.0,1.9,32.0,2773712.64,115571.35999999988,1155.7136,6.374,1.684
Albania,2842321,2866849,2882481,2913399,3182021,3295066,2941651,2324731,-3120.0,105.0,27400.0,-14000.0,1.6,36.0,1812660.57,1064578.43,1150.8956,4.719,0.947
Lithuania,2750055,2820267,2963765,3139019,3599637,3785847,3521206,3210147,-37338.0,43.0,62674.0,-32780.0,1.7,45.0,1927891.4,787448.6000000001,814.602,6.149,1.238
Namibia,2567012,2489098,2282704,2099271,1819141,1369011,975994,754467,46375.0,3.0,823290.0,-4806.0,3.4,22.0,1401764.65,1146898.35,764.5989,4.639,0.879
Gambia,2705992,2573995,2253133,1937275,1437539,1040616,718586,528731,68962.0,239.0,10120.0,-3087.0,5.3,18.0,1432391.38,995390.62,728.3345999999999,4.516,0.308
Botswana,2630296,2546402,2305171,2091664,1726985,1341474,938578,592244,47930.0,4.0,566730.0,3000.0,2.9,24.0,1722497.05,637087.95,707.8755,3.488,1.041
Gabon,2388992,2292573,2028517,1711105,1272935,983028,749078,597192,53155.0,9.0,257670.0,3260.0,4.0,23.0,1943969.76,290478.24,670.3344000000001,4.799,1.057
Lesotho,2305825,2254100,2118521,2022747,1998630,1798997,1407672,1023481,16981.0,71.0,30360.0,-10047.0,3.2,24.0,665010.14,1480183.86,643.5581999999999,3.802,0.489
North Macedonia,2093599,2111072,2107962,2093828,2037936,2044174,1907023,1656783,-85.0,83.0,25220.0,-1000.0,1.5,39.0,1229181.81,854177.19,625.0077,5.274,0.983
Slovenia,2119844,2117641,2080862,2057286,1984339,1986024,1901570,1741286,284.0,103.0,20140.0,2000.0,1.6,45.0,1143443.95,935545.05,623.6967,6.118,1.258
Latvia,1850651,1897052,1991955,2101530,2392530,2689391,2572037,2397414,-20545.0,30.0,62200.0,-14837.0,1.7,44.0,1298861.52,583546.48,376.4816,5.94,1.187
Bahrain,1472233,1477469,1362142,1213645,711442,517418,362595,222555,60403.0,2239.0,760.0,47800.0,2.0,32.0,1522840.73,188216.27,342.2114,6.199,1.362
Estonia,1326062,1329444,1314657,1331535,1396877,1570674,1476983,1361999,887.0,31.0,42390.0,3911.0,1.6,42.0,902151.24,424541.76,265.3386,5.893,1.237
Mauritius,1299469,1297828,1293153,1283330,1215930,1090290,954865,830115,2100.0,626.0,2030.0,0.0,1.4,37.0,521577.4,750562.6,254.428,5.888,1.12
Cyprus,1251488,1237537,1187280,1129686,948237,788500,679327,640804,8784.0,131.0,9240.0,5000.0,1.3,37.0,809953.62,398932.38,241.7772,6.046,1.263
Comoros,836774,806166,730216,656024,536758,431119,328328,242351,18715.0,467.0,1861.0,-2000.0,4.2,20.0,253081.55,619613.45,87.26950000000001,3.973,0.274
Bhutan,782455,772506,743274,705516,587207,558442,415257,298894,8516.0,20.0,38117.0,320.0,2.0,28.0,355611.74,417457.26,77.3069,5.082,0.813
Montenegro,627082,629048,633966,631044,633324,621442,589324,530268,79.0,47.0,13450.0,-480.0,1.8,39.0,427094.4,200985.6,62.808,5.523,1.051
Luxembourg,647599,630399,569408,507070,435628,381267,363741,339342,10249.0,242.0,2590.0,9741.0,1.5,40.0,552379.52,75324.47999999998,62.7704,7.09,1.609
Malta,533286,515357,456579,418755,399212,365392,333587,315414,1171.0,1380.0,320.0,900.0,1.5,43.0,410827.5,30922.5,44.175,6.726,1.3
Iceland,372899,366669,331060,318333,281462,255019,228263,204468,2212.0,3.0,100250.0,380.0,1.8,37.0,321130.32,20497.679999999997,0.0,7.494,1.38
